series:  2.7182818285E0
qexp:  2.7182818285E0
double: 2.7182818285e+00
